000000000,000010000
000010002,000000010
000010212,010000000
000000000,000010000
000010002,000000100
000010122,001000000
000000000,000010000
000010002,000001000
000011022,000100000
000000000,000010000
000010002,010000000
010010022,000000100
010012122,001000000
000000000,000010000
000010002,000100000
000110022,000001000
000000000,000010000
000010000,010000000
020110000,000001000
020112100,001000000
022112110,000000001
000000000,000010000
000010002,000000010
000010212,010000000
000000000,000010000
000010002,000000100
000010122,001000000
000000000,000010000
000010002,000100000
000110022,000001000
000000000,000010000
000010002,000001000
000011022,000100000
000000000,000010000
000010002,001000000
001010022,000000100
000000000,000010000
000010002,010000000
010010022,000000100
010012122,001000000
000000000,000010000
000010000,100000000
200011000,000100000
210211000,000000100
000010000,010000000
020011000,000100000
020211100,001000000
022211110,000000001
000010000,001000000
012010000,000000010
012011020,000100000
012211120,000000001
000010000,000001000
001012000,000000100
001112200,000000010
011112220,000000001
000010000,000000001
000011002,000100000
010211002,000000010
010211122,001000000
000010000,000000010
000010120,001000000
002011120,000100000
012211120,000000001
000010000,000000100
000011200,000100000
010211200,100000000
000000000,000010000
000010200,000000010
000210210,010000000
000000000,000010000
000010200,000000001
000210201,100000000
000000000,000010000
000010200,000001000
000211200,100000000
120211200,000000001
000000000,000010000
000010200,000100000
020110200,000001000
000000000,000010000
000010200,100000000
100210200,000000001
000000000,000010000
000010200,010000000
010210200,000000010
000000000,000010000
000010200,000100000
020110200,000001000
000000000,000010000
000010200,100000000
100210200,000000001
000000000,000010000
000010200,010000000
010210200,000000010
000000000,000010000
000010200,001000000
001210200,100000000
121210200,000000001
000010000,000000100
000110200,000001000
010112200,000000010
010112221,100000000
000010000,000100000
000210100,001000000
002210101,000000010
002211121,100000000
000010000,001000000
002110000,000001000
002112100,100000000
202112101,000000010
000010000,000000001
000010102,001000000
002110102,100000000
000010000,000000001
000010102,001000000
002110102,100000000
000010000,000000001
000010102,001000000
002110102,000001000
000010000,000000001
000010102,001000000
002110102,000001000
000010000,000000001
000010102,001000000
002110102,000001000
000010000,000000001
000010102,001000000
002110102,000001000
000010000,000000010
000110020,000001000
000112120,001000000
002112121,100000000
000010000,000000100
000110200,000001000
010112200,000000010
010112221,100000000
000010000,000000100
000110200,000001000
010112200,000000010
010112221,100000000
000010000,000100000
000210100,001000000
002210101,010000000
022211101,100000000
000000000,000010000
000210000,100000000
100210200,000000001
000000000,000010000
000210000,010000000
010210200,000000010
000000000,000010000
000210000,001000000
001210200,100000000
121210200,000000001
000000000,000010000
000210000,000000001
000210201,100000000
000000000,000010000
000210000,000000010
000210210,010000000
000000000,000010000
000210000,000000100
002210100,100000000
102210102,000001000
122211102,000000010
000000000,000010000
000210000,100000000
100210200,000000001
000000000,000010000
000210000,100000000
100210200,000000001
000000000,000010000
000210000,000000100
002210100,000000001
002212101,000000010
000000000,000010000
000210000,000000100
002210100,000000001
002212101,000000010
000010000,000000100
000110200,000001000
010112200,000000010
010112221,100000000
000010000,100000000
200110000,000001000
200112100,001000000
202112101,000000010
000010000,010000000
020110000,000001000
020112100,100000000
000010000,010000000
020110000,000001000
020112100,001000000
022112101,100000000
000010000,000001000
000112000,000000100
010112200,000000010
010112221,100000000
000010000,000000001
000110002,000001000
000112102,001000000
000010000,000000010
000110020,000001000
000112120,001000000
002112121,100000000
000010000,000000010
000110020,000001000
000112120,001000000
002112121,100000000
000010000,000000010
000110020,000001000
000112120,001000000
002112121,100000000
000010000,000000100
000110200,000001000
010112200,000000010
010112221,100000000
000010000,000000100
000110200,000001000
010112200,000000010
010112221,100000000
000000000,000010000
000210000,100000000
100210200,000000001
000000000,000010000
000210000,010000000
010210200,000000010
000000000,000010000
000210000,001000000
001210200,000000001
021210201,100000000
000000000,000010000
000210000,001000000
001210200,100000000
121210200,000000001
000010000,000000100
100010200,000000001
100011202,000000010
000010000,100000000
200011000,000100000
200211001,000000100
000010000,010000000
120010000,000000001
120011002,000100000
120211012,000000100
000010000,001000000
102010000,000000001
102011002,000100000
102211012,000000100
000010000,000000001
100010002,000000100
100011202,000000010
000010000,000000100
100010200,000000001
100011202,000000010
000010000,000100000
100210000,000000001
101210002,000000010
000010000,000100000
100210000,000000001
101210002,000000100
101211202,000000010
000010000,000100000
100210000,000000001
101210002,000000100
101211202,000000010
000010000,000000100
100010200,000000001
100011202,000100000
100211212,010000000
000010000,000000100
100010200,000000001
100011202,000100000
100211212,010000000
000010000,000100000
100210000,000000001
101210002,000000100
101211202,000000010
000000000,000010000
200010000,000000100
202010100,010000000
212012100,000000010
000000000,000010000
200010000,000100000
200112000,001000000
201112002,000000100
000000000,000000001
000020001,000000010
000022011,000000100
000000000,000000100
000020100,000100000
000122100,100000000
000000000,100000000
100020000,010000000
110022000,001000000
000000000,001000000
001020000,000001000
201021000,000000001
000000000,000000001
000020001,000000010
000022011,000000100
000000000,000000100
000020100,000000010
000022110,000000001
000000000,000010000
200010000,000100000
200112000,000000010
200112012,010000000
000000000,000010000
200010000,000000001
200012001,000000100
202012101,000000010
000000000,100000000
100020000,000100000
100122000,000000100
000000000,000010000
200010000,000100000
200112000,001000000
201112002,000000100
000000000,000010000
200010000,000000010
200012010,010000000
000000000,000010000
200010000,000001000
200011002,000100000
000000000,000010000
200010000,001000000
201010002,000000100
000000000,000010000
200010000,000100000
200112000,000000010
200112012,010000000
000010000,000100000
100210000,000000001
101210002,010000000
000010000,000001000
100012000,000000001
101012002,010000000
000010000,000000010
100010020,000000001
100011022,000100000
100211122,001000000
000010000,010000000
120010000,000000001
120011002,000100000
120211012,000000100
000000000,000010000
000010200,000000001
000010221,100000000
000000000,000010000
000010200,000000010
000010212,010000000
000000000,000010000
000010200,000100000
000110220,000001000
000000000,000010000
000010200,100000000
100010220,000000001
000000000,000010000
000010200,010000000
010010220,000000001
210010221,000100000
210112221,001000000
000000000,000010000
000010200,001000000
001010220,000000001
201010221,000001000
000000000,000010000
000010200,000000010
000010212,001000000
201010212,010000000
000000000,000000010
000020010,000000100
200020110,000000001
000000000,000100000
000120000,000000100
000120120,100000000
000000000,000000100
000020100,000000010
200020110,000000001
000010000,000000010
000010120,000000001
000010000,000000001
000010102,001000000
002010112,000001000
000010000,001000000
002010010,010000000
022010011,100000000
000010000,100000000
200010100,001000000
202010101,010000000
000010000,000000100
000010210,010000000
020010211,100000000
220110211,001000000
000010000,000000100
000010210,010000000
020010211,100000000
220110211,001000000
000010000,000100000
000210100,001000000
002210101,000000010
000010000,000100000
000210100,000000010
000010000,000100000
000210100,001000000
002210101,100000000
000010000,000100000
000210100,001000000
002210101,000000010
000010000,000000010
000010120,001000000
002010121,100000000
202110121,000001000
000010000,000000010
000010120,001000000
002010121,100000000
202110121,000001000
000010000,000001000
000012010,010000000
020012011,100000000
000010000,000000001
000010102,001000000
002010112,000001000
